VBLamello 10;5;5;0;0;0;0;0;5.4;1;0.5
VBLamello 20;10;10;0;0;0;0;0;5.4;1;0.5
KOLamello_Typ_10-Boden/Seite;050;1;Lamello 10;-;-;0.5;0;0;0;0;0;0;0;0;0;1 ;1 ;1 ;1;1;1;1;1;1;1;;;;;;;;;;;;;;;;;;;;;;;;;;
KOLamello_Typ_10-Boden/Seite;100;1;Lamello 10;-;-;100;0;0;0;0;0;0;0;0;0;1 ;1 ;1 ;1;1;1;1;1;1;1;;;;;;;;;;;;;;;;;;;;;;;;;
KOLamello_Typ_10-Seite/Boden;050;1;Lamello 10;-;-;0.5;0;0;0;0;0;0;0;0;0;1 ;1 ;1 ;1;1;1;1;1;1;1;;;;;;;;;;;;;;;;;;;;;;;;;;;
KOLamello_Typ_10-Seite/Boden;100;1;Lamello 10;-;-;100;0;0;0;0;0;0;0;0;0;1 ;1 ;1 ;1;1;1;1;1;1;1;;;;;;;;;;;;;;;;;;;;;;;;;
KOLamello_Typ_10-Seite/Sockel;050;1;Lamello 10;-;-;0.5;0;0;0;0;0;0;0;0;0;1 ;1 ;1 ;1;1;1;1;1;1;1;;;;;;;;;;;;;;;;;;;;;;;;;;;
KOLamello_Typ_10-Sockel/Seite;050;1;Lamello 10;-;-;0.5;0;0;0;0;0;0;0;0;0;1 ;1 ;1 ;1;1;1;1;1;1;1;;;;;;;;;;;;;;;;;;;;;;;;;;;
KOLamello_Typ_20-Boden/Seite;050;1;Lamello 20;-;-;0.5;0;0;0;0;0;0;0;0;0;1 ;1 ;1 ;1;1;1;1;1;1;1;;;;;;;;;;;;;;;;;;;;;;;;;;
KOLamello_Typ_20-Boden/Seite;100;1;Lamello 20;-;-;100;0;0;0;0;0;0;0;0;0;1 ;1 ;1 ;1;1;1;1;1;1;1;;;;;;;;;;;;;;;;;;;;;;;;;
KOLamello_Typ_20-Seite/Boden;050;1;Lamello 20;-;-;0.5;0;0;0;0;0;0;0;0;0;1 ;1 ;1 ;1;1;1;1;1;1;1;;;;;;;;;;;;;;;;;;;;;;;;;;;
KOLamello_Typ_20-Seite/Boden;100;1;Lamello 20;-;-;100;0;0;0;0;0;0;0;0;0;1 ;1 ;1 ;1;1;1;1;1;1;1;;;;;;;;;;;;;;;;;;;;;;;;;
KOLamello_Typ_20-Seite/Sockel;050;1;Lamello 20;-;-;0.5;0;0;0;0;0;0;0;0;0;1 ;1 ;1 ;1;1;1;1;1;1;1;;;;;;;;;;;;;;;;;;;;;;;;;;;
KOLamello_Typ_20-Sockel/Seite;050;1;Lamello 20;-;-;0.5;0;0;0;0;0;0;0;0;0;1 ;1 ;1 ;1;1;1;1;1;1;1;;;;;;;;;;;;;;;;;;;;;;;;;;;